x0y0=0.796677;-0.604406 | x1y0=-0.665538;-0.746364 | x2y0=-0.123842;-0.992302 | x3y0=0.016291;0.999867 | 
x0y1=0.207558;-0.978223 | x1y1=-0.651787;-0.758402 | x2y1=-0.0524301;-0.998625 | x3y1=-0.926944;-0.3752 | 
x0y2=-0.971766;0.235947 | x1y2=-0.231079;-0.972935 | x2y2=-0.624923;-0.780686 | x3y2=0.328656;-0.94445 | 
x0y3=0.157277;0.987555 | x1y3=-0.580226;0.814455 | x2y3=-0.257524;-0.966272 | x3y3=0.0413232;-0.999146 | 
